00000000000001100000000000000000
00000000000111111000000000000000
00000000011111111110000000000000
00000001111111111111100000000000
00000111111100001111111000000000
00011111110000000011111110000000
01111111000000000000111111100000
11111100000000000000001111110000
11111000000000000000000111110000
11111000000000000000000111110000
11111000000000000000000111110000
11111000000000000000000111110000
11111000000000000000000111110000
11111000000000000000000111110000
11111000000000000000000111110000
11111000000000000000000111110000
11111111111111111111111111110000
11111111111111111111111111110000
11111111111111111111111111110000
11111111111111111111111111110000
11111111111111111111111111110000
11111000000000000000000111110000
11111000000000000000000111110000
11111000000000000000000111110000
11111000000000000000000111110000
11111000000000000000000111110000
11111000000000000000000111110000
11111000000000000000000111110000
11111000000000000000000111110000
11111000000000000000000111110000
11111000000000000000000111110000
11111000000000000000000111110000
11111111111111111111110000000000
11111111111111111111111000000000
11111111111111111111111100000000
11111111111111111111111110000000
11111100000000000000011111000000
11111100000000000000001111100000
11111100000000000000000111100000
11111100000000000000000011100000
11111100000000000000000011100000
11111100000000000000000011100000
11111100000000000000000011100000
11111100000000000000000011100000
11111100000000000000000111100000
11111100000000000000001111100000
11111100000000000000011111000000
11111111111111111111111110000000
11111111111111111111111110000000
11111111111111111111111110000000
11111111111111111111111111000000
11111100000000000000011111100000
11111100000000000000001111100000
11111100000000000000000111100000
11111100000000000000000011100000
11111100000000000000000011100000
11111100000000000000000011100000
11111100000000000000000111100000
11111100000000000000001111100000
11111100000000000000011111000000
11111111111111111111111110000000
11111111111111111111111100000000
11111111111111111111111000000000
11111111111111111111110000000000
00011111111111111111111110000000
00111111111111111111111111000000
01111111111111111111111111100000
11111111111111111111111111100000
11111111100000000000000001110000
11111111000000000000000000110000
11111110000000000000000000100000
11111100000000000000000000100000
11111100000000000000000000000000
11111100000000000000000000000000
11111100000000000000000000000000
11111100000000000000000000000000
11111100000000000000000000000000
11111100000000000000000000000000
11111100000000000000000000000000
11111100000000000000000000000000
11111100000000000000000000000000
11111100000000000000000000000000
11111100000000000000000000000000
11111100000000000000000000000000
11111100000000000000000000000000
11111100000000000000000000000000
11111100000000000000000000000000
11111100000000000000000000000000
11111100000000000000000000010000
11111110000000000000000000010000
11111111000000000000000000110000
11111111100000000000000001110000
11111111111111111111111111100000
01111111111111111111111111100000
00111111111111111111111111000000
00011111111111111111111110000000
11111111111111111111000000000000
11111111111111111111110000000000
11111111111111111111111000000000
11111111111111111111111100000000
11111100000000000000111110000000
11111100000000000000011111000000
11111100000000000000001111100000
11111100000000000000000111110000
11111100000000000000000011110000
11111100000000000000000011110000
11111100000000000000000011110000
11111100000000000000000011110000
11111100000000000000000011110000
11111100000000000000000011110000
11111100000000000000000011110000
11111100000000000000000011110000
11111100000000000000000011110000
11111100000000000000000011110000
11111100000000000000000011110000
11111100000000000000000011110000
11111100000000000000000011110000
11111100000000000000000011110000
11111100000000000000000011110000
11111100000000000000000011110000
11111100000000000000000111110000
11111100000000000000001111100000
11111100000000000000011111000000
11111100000000000000111110000000
11111111111111111111111100000000
11111111111111111111111000000000
11111111111111111111110000000000
11111111111111111111000000000000
11111111111111111111111111110000
11111111111111111111111111110000
11111111111111111111111111110000
11111111111111111111111111110000
11111100000000000000000000000000
11111100000000000000000000000000
11111100000000000000000000000000
11111100000000000000000000000000
11111100000000000000000000000000
11111100000000000000000000000000
11111100000000000000000000000000
11111100000000000000000000000000
11111100000000000000000000000000
11111100000000000000000000000000
11111111111111111111111111110000
11111111111111111111111111110000
11111111111111111111111111110000
11111111111111111111111111110000
11111100000000000000000000000000
11111100000000000000000000000000
11111100000000000000000000000000
11111100000000000000000000000000
11111100000000000000000000000000
11111100000000000000000000000000
11111100000000000000000000000000
11111100000000000000000000000000
11111100000000000000000000000000
11111100000000000000000000000000
11111111111111111111111111110000
11111111111111111111111111110000
11111111111111111111111111110000
11111111111111111111111111110000
11111111111111111111111111110000
11111111111111111111111111110000
11111111111111111111111111110000
11111111111111111111111111110000
11111100000000000000000000000000
11111100000000000000000000000000
11111100000000000000000000000000
11111100000000000000000000000000
11111100000000000000000000000000
11111100000000000000000000000000
11111100000000000000000000000000
11111100000000000000000000000000
11111100000000000000000000000000
11111100000000000000000000000000
11111111111111111111111111110000
11111111111111111111111111110000
11111111111111111111111111110000
11111111111111111111111111110000
11111100000000000000000000000000
11111100000000000000000000000000
11111100000000000000000000000000
11111100000000000000000000000000
11111100000000000000000000000000
11111100000000000000000000000000
11111100000000000000000000000000
11111100000000000000000000000000
11111100000000000000000000000000
11111100000000000000000000000000
11111100000000000000000000000000
11111100000000000000000000000000
11111100000000000000000000000000
11111100000000000000000000000000
00011111111111111111111110000000
00111111111111111111111111000000
01111111111111111111111111100000
11111111111111111111111111100000
11111111100000000000000001110000
11111111000000000000000000110000
11111110000000000000000000000000
11111100000000000000000000000000
11111100000000000000000000000000
11111100000000000000000000000000
11111100000000000000000000000000
11111100000000000000000000000000
11111100000000000000000000000000
11111100000000000000000000000000
11111100000000000000000000000000
11111100000000000000000000000000
11111100000000000000111111110000
11111100000000000001111111110000
11111100000000000011111111110000
11111100000000000011111111110000
11111100000000000000000001110000
11111100000000000000000001110000
11111100000000000000000001110000
11111100000000000000000001110000
11111100000000000000000001110000
11111110000000000000000001110000
11111111000000000000000011110000
11111111100000000000000011110000
11111111111111111111111111100000
01111111111111111111111111100000
00111111111111111111111111000000
00011111111111111111111110000000
11111100000000000000001111110000
11111100000000000000001111110000
11111100000000000000001111110000
11111100000000000000001111110000
11111100000000000000001111110000
11111100000000000000001111110000
11111100000000000000001111110000
11111100000000000000001111110000
11111100000000000000001111110000
11111100000000000000001111110000
11111100000000000000001111110000
11111100000000000000001111110000
11111100000000000000001111110000
11111100000000000000001111110000
11111111111111111111111111110000
11111111111111111111111111110000
11111111111111111111111111110000
11111111111111111111111111110000
11111100000000000000001111110000
11111100000000000000001111110000
11111100000000000000001111110000
11111100000000000000001111110000
11111100000000000000001111110000
11111100000000000000001111110000
11111100000000000000001111110000
11111100000000000000001111110000
11111100000000000000001111110000
11111100000000000000001111110000
11111100000000000000001111110000
11111100000000000000001111110000
11111100000000000000001111110000
11111100000000000000001111110000
00000000000111111000000000000000
00000000000111111000000000000000
00000000000111111000000000000000
00000000000111111000000000000000
00000000000111111000000000000000
00000000000111111000000000000000
00000000000111111000000000000000
00000000000111111000000000000000
00000000000111111000000000000000
00000000000111111000000000000000
00000000000111111000000000000000
00000000000111111000000000000000
00000000000111111000000000000000
00000000000111111000000000000000
00000000000111111000000000000000
00000000000111111000000000000000
00000000000111111000000000000000
00000000000111111000000000000000
00000000000111111000000000000000
00000000000111111000000000000000
00000000000111111000000000000000
00000000000111111000000000000000
00000000000111111000000000000000
00000000000111111000000000000000
00000000000111111000000000000000
00000000000111111000000000000000
00000000000111111000000000000000
00000000000111111000000000000000
00000000000111111000000000000000
00000000000111111000000000000000
00000000000111111000000000000000
00000000000111111000000000000000
00000000000000000011111100000000
00000000000000000011111100000000
00000000000000000011111100000000
00000000000000000011111100000000
00000000000000000011111100000000
00000000000000000011111100000000
00000000000000000011111100000000
00000000000000000011111100000000
00000000000000000011111100000000
00000000000000000011111100000000
00000000000000000011111100000000
00000000000000000011111100000000
00000000000000000011111100000000
00000000000000000011111100000000
00000000000000000011111100000000
00000000000000000011111100000000
00000000000000000011111100000000
00000000000000000011111100000000
00000000000000000011111100000000
00000000000000000011111100000000
00000000000000000011111100000000
00000000000000000011111100000000
00000000000000000011111100000000
00000000000000000011111100000000
00000000000000000011111100000000
00011111100000000011111100000000
00001111110000000011111100000000
00000111111000000011111100000000
00000011111100000111111000000000
00000001111110001111110000000000
00000000111111011111100000000000
00000000011111111111000000000000
11111100000000000001111110000000
11111100000000000011111100000000
11111100000000000111111000000000
11111100000000001111110000000000
11111100000000011111100000000000
11111100000000111111000000000000
11111100000001111110000000000000
11111100000011111100000000000000
11111100000111111000000000000000
11111100001111110000000000000000
11111100011111100000000000000000
11111100111111000000000000000000
11111101111110000000000000000000
11111111111100000000000000000000
11111111111000000000000000000000
11111111110000000000000000000000
11111111110000000000000000000000
11111111111000000000000000000000
11111111111100000000000000000000
11111101111110000000000000000000
11111100111111000000000000000000
11111100011111100000000000000000
11111100001111110000000000000000
11111100000111111000000000000000
11111100000011111100000000000000
11111100000001111110000000000000
11111100000000111111000000000000
11111100000000011111100000000000
11111100000000001111110000000000
11111100000000000111111000000000
11111100000000000011111100000000
11111100000000000001111110000000
11111100000000000000000000000000
11111100000000000000000000000000
11111100000000000000000000000000
11111100000000000000000000000000
11111100000000000000000000000000
11111100000000000000000000000000
11111100000000000000000000000000
11111100000000000000000000000000
11111100000000000000000000000000
11111100000000000000000000000000
11111100000000000000000000000000
11111100000000000000000000000000
11111100000000000000000000000000
11111100000000000000000000000000
11111100000000000000000000000000
11111100000000000000000000000000
11111100000000000000000000000000
11111100000000000000000000000000
11111100000000000000000000000000
11111100000000000000000000000000
11111100000000000000000000000000
11111100000000000000000000000000
11111100000000000000000000000000
11111100000000000000000000000000
11111100000000000000000000000000
11111100000000000000000000000000
11111111111111111111111111110000
11111111111111111111111111110000
11111111111111111111111111110000
11111111111111111111111111110000
11111111111111111111111111110000
11111100000000000000001111110000
11111110000000000000011111110000
11111111000000000000111111110000
11111111100000000001111111110000
11111111110000000011111111110000
11111111111000000111111111110000
11111101111100001111101111110000
11111100111110011111001111110000
11111100011111111110001111110000
11111100001111111100001111110000
11111100000111111000001111110000
11111100000011110000001111110000
11111100000001100000001111110000
11111100000000000000001111110000
11111100000000000000001111110000
11111100000000000000001111110000
11111100000000000000001111110000
11111100000000000000001111110000
11111100000000000000001111110000
11111100000000000000001111110000
11111100000000000000001111110000
11111100000000000000001111110000
11111100000000000000001111110000
11111100000000000000001111110000
11111100000000000000001111110000
11111100000000000000001111110000
11111100000000000000001111110000
11111100000000000000001111110000
11111100000000000000001111110000
11111100000000000000001111110000
11111100000000000000001111110000
11111100000000000000001111110000
11111100000000000000001111110000
11111110000000000000001111110000
11111111000000000000001111110000
11111111000000000000001111110000
11111111100000000000001111110000
11111111100000000000001111110000
11111111110000000000001111110000
11111111110000000000001111110000
11111111111000000000001111110000
11111111111000000000001111110000
11111101111100000000001111110000
11111101111100000000001111110000
11111100111110000000001111110000
11111100111110000000001111110000
11111100011111000000001111110000
11111100011111000000001111110000
11111100001111100000001111110000
11111100001111100000001111110000
11111100000111110000001111110000
11111100000111110000001111110000
11111100000011111000001111110000
11111100000011111000001111110000
11111100000001111100001111110000
11111100000001111100001111110000
11111100000000111110001111110000
11111100000000111110001111110000
11111100000000011111001111110000
11111100000000011111001111110000
11111100000000001111101111110000
11111100000000001111101111110000
11111100000000000111111111110000
11111100000000000111111111110000
11111100000000000011111111110000
00000000000111111000000000000000
00000000111111111111000000000000
00000011111111111111110000000000
00000111111100001111111000000000
00001111110000000011111100000000
00011111000000000000111110000000
00111110000000000000011111000000
00111100000000000000001111000000
01111100000000000000001111100000
01111000000000000000000111100000
01111000000000000000000111100000
11111000000000000000000111110000
11111000000000000000000111110000
11111000000000000000000111110000
11111000000000000000000111110000
11111000000000000000000111110000
11111000000000000000000111110000
11111000000000000000000111110000
11111000000000000000000111110000
11111000000000000000000111110000
11111000000000000000000111110000
01111000000000000000000111100000
01111000000000000000000111100000
01111100000000000000001111100000
00111100000000000000001111000000
00111110000000000000011111000000
00011111000000000000111110000000
00001111110000000011111100000000
00000111111100001111111000000000
00000011111111111111110000000000
00000000111111111111000000000000
00000000000111111000000000000000
11111111111111111111100000000000
11111111111111111111110000000000
11111111111111111111111000000000
11111111111111111111111100000000
11111000000000000001111110000000
11111000000000000000001110000000
11111000000000000000000111000000
11111000000000000000000011000000
11111000000000000000000011100000
11111000000000000000000011100000
11111000000000000000000011100000
11111000000000000000000011100000
11111000000000000000000011100000
11111000000000000000000011100000
11111000000000000000000011000000
11111000000000000000000111000000
11111000000000000000001110000000
11111000000000000001111110000000
11111111111111111111111100000000
11111111111111111111111000000000
11111111111111111111110000000000
11111111111111111111100000000000
11111000000000000000000000000000
11111000000000000000000000000000
11111000000000000000000000000000
11111000000000000000000000000000
11111000000000000000000000000000
11111000000000000000000000000000
11111000000000000000000000000000
11111000000000000000000000000000
11111000000000000000000000000000
11111000000000000000000000000000
00000000000111111000000000000000
00000000111111111111000000000000
00000011111111111111110000000000
00000111111100001111111000000000
00001111110000000011111100000000
00011111000000000000111110000000
00111110000000000000011111000000
00111100000000000000001111000000
01111100000000000000001111100000
01111000000000000000000111100000
01111000000000000000000111100000
11111000000000000000000111110000
11111000000000000000000111110000
11111000000000000000000111110000
11111000000000000000000111110000
11111000000000000000000111110000
11111000000000000000000111110000
11111000000000000000000111110000
11111000000000001000000111110000
11111000000000011100000111110000
11111000000000111110000111110000
01111000000000011111000111100000
01111000000000001111100111100000
01111100000000000111111111100000
00111100000000000011111111000000
00111110000000000001111111000000
00011111000000000000111110000000
00001111110000000011111111000000
00000111111100001111111111100000
00000011111111111111110111110000
00000000111111111111000011100000
00000000000111111000000001000000
11111111111111111111100000000000
11111111111111111111110000000000
11111111111111111111111000000000
11111111111111111111111100000000
11111000000000000001111110000000
11111000000000000000001110000000
11111000000000000000000111000000
11111000000000000000000011000000
11111000000000000000000011100000
11111000000000000000000011100000
11111000000000000000000011100000
11111000000000000000000011100000
11111000000000000000000011100000
11111000000000000000000011100000
11111000000000000000000011000000
11111000000000000000000111000000
11111000000000000000001110000000
11111000000000000001111110000000
11111111111111111111111100000000
11111111111111111111111000000000
11111111111111111111110000000000
11111111111111111111100000000000
11111000000000111110000000000000
11111000000000011111000000000000
11111000000000001111100000000000
11111000000000000111110000000000
11111000000000000011111000000000
11111000000000000001111100000000
11111000000000000000111110000000
11111000000000000000011111000000
11111000000000000000001111100000
11111000000000000000000111110000
00000000011111111110000000000000
00000111111111111111111000000000
00011111111111111111111110000000
00111111110000000011111111000000
01111110000000000000011111100000
01111000000000000000000111110000
11110000000000000000000011110000
11110000000000000000000011110000
11110000000000000000000000000000
11110000000000000000000000000000
01111000000000000000000000000000
01111110000000000000000000000000
00111111100000000000000000000000
00011111111000000000000000000000
00000111111111100000000000000000
00000000111111111100000000000000
00000000001111111111000000000000
00000000000001111111111000000000
00000000000000000111111110000000
00000000000000000001111111000000
00000000000000000000011111100000
00000000000000000000000111100000
00000000000000000000000011110000
00000000000000000000000011110000
11110000000000000000000011110000
11110000000000000000000011110000
11111000000000000000000111100000
01111110000000000000011111100000
00111111110000000011111111000000
00011111111111111111111110000000
00000111111111111111111000000000
00000000011111111110000000000000
11111111111111111111111111110000
11111111111111111111111111110000
11111111111111111111111111110000
11111111111111111111111111110000
11111111111111111111111111110000
00000000000111111000000000000000
00000000000111111000000000000000
00000000000111111000000000000000
00000000000111111000000000000000
00000000000111111000000000000000
00000000000111111000000000000000
00000000000111111000000000000000
00000000000111111000000000000000
00000000000111111000000000000000
00000000000111111000000000000000
00000000000111111000000000000000
00000000000111111000000000000000
00000000000111111000000000000000
00000000000111111000000000000000
00000000000111111000000000000000
00000000000111111000000000000000
00000000000111111000000000000000
00000000000111111000000000000000
00000000000111111000000000000000
00000000000111111000000000000000
00000000000111111000000000000000
00000000000111111000000000000000
00000000000111111000000000000000
00000000000111111000000000000000
00000000000111111000000000000000
00000000000111111000000000000000
00000000000111111000000000000000
11111100000000000000000001110000
11111100000000000000000001110000
11111100000000000000000001110000
11111100000000000000000001110000
11111100000000000000000001110000
11111100000000000000000001110000
11111100000000000000000001110000
11111100000000000000000001110000
11111100000000000000000001110000
11111100000000000000000001110000
11111100000000000000000001110000
11111100000000000000000001110000
11111100000000000000000001110000
11111100000000000000000001110000
11111100000000000000000001110000
11111100000000000000000001110000
11111100000000000000000001110000
11111100000000000000000001110000
11111100000000000000000001110000
11111100000000000000000001110000
11111100000000000000000001110000
11111100000000000000000001110000
11111100000000000000000001110000
11111100000000000000000001110000
11111100000000000000000001110000
11111100000000000000000001110000
11111110000000000000000011110000
11111111100000000000001111110000
11111111111111111111111111110000
01111111111111111111111111100000
00111111111111111111111110000000
00000111111111111111111000000000
11111100000000000000000001110000
11111100000000000000000001110000
11111100000000000000000001110000
11111100000000000000000001110000
11111100000000000000000001110000
11111100000000000000000001110000
11111100000000000000000001110000
11111100000000000000000001110000
11111100000000000000000001110000
11111100000000000000000001110000
11111100000000000000000001110000
11111100000000000000000001110000
11111100000000000000000001110000
11111100000000000000000001110000
11111100000000000000000001110000
11111100000000000000000001110000
11111100000000000000000001110000
11111100000000000000000001110000
11111100000000000000000001110000
01111110000000000000000011110000
01111110000000000000000011100000
01111110000000000000000111100000
00111111000000000000000111000000
00111111000000000000001111000000
00011111100000000000011110000000
00001111110000000000111100000000
00000111111000000001111100000000
00000011111100000011111000000000
00000001111110000111110000000000
00000000111111111111100000000000
00000000011111111111000000000000
00000000000111111100000000000000
11111000000111110000000001110000
11111000000111110000000001110000
11111000000111110000000001110000
11111000000111110000000001110000
11111000000111110000000001110000
11111000000111110000000001110000
11111000000111110000000001110000
11111000000111110000000001110000
11111000000111110000000001110000
11111000000111110000000001110000
11111000000111110000000001110000
11111000000111110000000001110000
11111000000111110000000001110000
11111000000111110000000001110000
11111000000111110000000001110000
11111000000111110000000001110000
11111000000111110000000001110000
11111000000111110000000001110000
11111000000111110000000001110000
11111000000111110000000001110000
11111000000111110000000001110000
11111000000111110000000001110000
11111000001111110000000011110000
11111000011111110000000011110000
11111000111111110000000111100000
11111001111111110000001111100000
11111011111111110000111111000000
11111111110111110011111110000000
11111111100111111111111100000000
11111111000111111111110000000000
11111110000111111111000000000000
11111000000111111100000000000000
11111100000000000000000001110000
11111100000000000000000001110000
11111100000000000000000001110000
11111100000000000000000001110000
11111100000000000000000011100000
01111110000000000000000111000000
00111111000000000000001110000000
00011111100000000000011100000000
00001111110000000000111000000000
00000111111000000001110000000000
00000011111100000011100000000000
00000001111110000111000000000000
00000000111111001110000000000000
00000000011111111100000000000000
00000000001111111000000000000000
00000000000111111000000000000000
00000000000011111100000000000000
00000000000111111110000000000000
00000000001110111111000000000000
00000000011100011111100000000000
00000000111000001111110000000000
00000001110000000111111000000000
00000011100000000011111100000000
00000111000000000001111110000000
00001110000000000000111111000000
00011100000000000000011111100000
00111000000000000000001111110000
01110000000000000000001111110000
11100000000000000000001111110000
11100000000000000000001111110000
11100000000000000000001111110000
11100000000000000000001111110000
11111100000000000000000001110000
11111100000000000000000001110000
11111100000000000000000001110000
11111100000000000000000001110000
01111110000000000000000011110000
01111110000000000000000011100000
01111110000000000000000111100000
00111111000000000000000111000000
00111111000000000000001111000000
00011111100000000000011110000000
00001111110000000000111100000000
00000111111000000001111100000000
00000011111100000011111000000000
00000001111110000111110000000000
00000000111111111111100000000000
00000000011111111111000000000000
00000000000111111100000000000000
00000000000011111000000000000000
00000000000011111000000000000000
00000000000011111000000000000000
00000000000011111000000000000000
00000000000011111000000000000000
00000000000011111000000000000000
00000000000011111000000000000000
00000000000011111000000000000000
00000000000011111000000000000000
00000000000011111000000000000000
00000000000011111000000000000000
00000000000011111000000000000000
00000000000011111000000000000000
00000000000011111000000000000000
00000000000011111000000000000000
11111111111111111111111111110000
11111111111111111111111111110000
11111111111111111111111111110000
00000000000000000000001111110000
00000000000000000000001111110000
00000000000000000000011111100000
00000000000000000000111111000000
00000000000000000001111110000000
00000000000000000011111100000000
00000000000000000111111000000000
00000000000000001111110000000000
00000000000000011111100000000000
00000000000000111111000000000000
00000000000001111110000000000000
00000000000011111100000000000000
00000000000111111000000000000000
00000000001111110000000000000000
00000000011111100000000000000000
00000000111111000000000000000000
00000001111110000000000000000000
00000011111100000000000000000000
00000111111000000000000000000000
00001111110000000000000000000000
00011111100000000000000000000000
00111111000000000000000000000000
01111110000000000000000000000000
11111100000000000000000000000000
11111100000000000000000000000000
11111111111111111111111111110000
11111111111111111111111111110000
11111111111111111111111111110000
11111111111111111111111111110000
00000000000000000000000000000000
00000000000000000000000000000000
00000000000000000000000000000000
00000000000000000000000000000000
00000000000000000000000000000000
00000000000000000000000000000000
00000000000000000000000000000000
00000000000000000000000000000000
00000000000000000000000000000000
00000000000000000000000000000000
00000000000000000000000000000000
00000000000000000000000000000000
00000000000000000000000000000000
00000000000000000000000000000000
00000000000000000000000000000000
00000000000000000000000000000000
00000000000000000000000000000000
00000000000000000000000000000000
00000000000000000000000000000000
00000000000000000000000000000000
00000000000000000000000000000000
00000000000000000000000000000000
00000000000000000000000000000000
00000000000000000000000000000000
00000000000000000000000000000000
00000000000000000000000000000000
00000000000000000000000000000000
00000000000000000000000000000000
00000000000000000000000000000000
00000000000000000000000000000000
00000000000000000000000000000000
00000000000000000000000000000000
00000000000111111000000000000000
00000000000111111000000000000000
00000000000111111000000000000000
00000000000111111000000000000000
00000000000111111000000000000000
00000000000111111000000000000000
00000000000111111000000000000000
00000000000111111000000000000000
00000000000111111000000000000000
00000000000111111000000000000000
00000000000111111000000000000000
00000000000111111000000000000000
00000000000111111000000000000000
00000000000111111000000000000000
00000000000111111000000000000000
00000000000111111000000000000000
00000000000111111000000000000000
00000000000111111000000000000000
00000000000111111000000000000000
00000000000111111000000000000000
00000000000111111000000000000000
00000000000111111000000000000000
00000000000111111000000000000000
00000000000111111000000000000000
00000000000111111000000000000000
00000000000111111000000000000000
00000000000111111000000000000000
00000000000111111000000000000000
00000000000111111000000000000000
00000000000111111000000000000000
00000000000111111000000000000000
00000000000111111000000000000000
00111111111111111111111111000000
01111111111111111111111111100000
11111111111111111111111111110000
11110000000000000000001111110000
11110000000000000000001111110000
11110000000000000000011111100000
00000000000000000000111111000000
00000000000000000001111110000000
00000000000000000011111100000000
00000000000000000111111000000000
00000000000000001111110000000000
00000000000000011111100000000000
00000000000000111111000000000000
00000000000001111110000000000000
00000000000011111100000000000000
00000000000111111000000000000000
00000000001111110000000000000000
00000000011111100000000000000000
00000000111111000000000000000000
00000001111110000000000000000000
00000011111100000000000000000000
00000111111000000000000000000000
00001111110000000000000000000000
00011111100000000000000000000000
00111111000000000000000000000000
01111110000000000000000000000000
11111100000000000000000000000000
11111100000000000000000000000000
11111111111111111111111111110000
11111111111111111111111111110000
11111111111111111111111111110000
11111111111111111111111111110000
11111111111111111111110000000000
11111111111111111111111000000000
11111111111111111111111100000000
11111111111111111111111110000000
00000000000000000000011111000000
00000000000000000000001111100000
00000000000000000000000111100000
00000000000000000000000011100000
00000000000000000000000011100000
00000000000000000000000011100000
00000000000000000000000011100000
00000000000000000000000011100000
00000000000000000000001111100000
00000000000000000000011111000000
00000000000000000000111100000000
11111111111111111111111110000000
11111111111111111111111110000000
11111111111111111111111110000000
11111111111111111111111111000000
00000000000000000000011111100000
00000000000000000000001111100000
00000000000000000000000111100000
00000000000000000000000011100000
00000000000000000000000011100000
00000000000000000000000011100000
00000000000000000000000111100000
00000000000000000000001111100000
00000000000000000000011111000000
11111111111111111111111110000000
11111111111111111111111100000000
11111111111111111111111000000000
11111111111111111111110000000000
