A
12
0 9 0 16
0 16 29 25
29 25 29 20
29 20 18 17
18 17 18 8
18 8 29 5
29 5 29 0
29 0 0 9
5 12 5 13
5 13 13 15
13 15 13 10
13 10 5 12
B
14
0 0 0 20
0 0 29 0
29 0 29 25
29 25 14 25
14 25 14 20
14 20 0 20
4 4 4 16
4 16 11 16
11 16 11 4
11 4 4 4
18 4 18 21
18 21 25 21
25 21 25 4
25 4 18 4
C
10
0 2 0 25
0 25 4 25
4 25 4 4
4 4 25 4
25 4 25 25
25 25 29 25
29 25 29 2
29 2 27 0
27 0 2 0
2 0 0 2
D
12
0 0 0 20
0 20 6 25
6 25 23 25
23 25 29 20
29 20 29 0
29 0 0 0
4 4 4 17
4 17 8 21
8 21 21 21
21 21 25 17
25 17 25 4
25 4 4 4
E
12
0 0 0 25
0 25 4 25
4 25 4 4
4 4 12 4
12 4 12 25
12 25 16 25
16 25 16 4
16 4 25 4
25 4 25 25
25 25 29 25
29 25 29 0
29 0 0 0
F
10
0 0 0 25
0 25 4 25
4 25 4 4
4 4 12 4
12 4 12 25
12 25 16 25
16 25 16 4
16 4 29 4
29 4 29 0
29 0 0 0
G
14
0 2 0 25
0 25 4 25
4 25 4 4
4 4 25 4
25 4 25 21
25 21 19 21
19 21 19 12
19 12 15 12
15 12 15 25
15 25 29 25
29 25 29 2
29 2 27 0
27 0 2 0
2 0 0 2
H
12
0 0 0 3
0 3 13 3
13 3 13 22
13 22 0 22
0 22 0 24
0 25 29 25
29 25 29 22
29 22 16 22
16 22 16 3
16 3 29 3
29 3 29 0
29 0 0 0
I
12
0 3 0 18
0 18 3 18
3 18 3 12
3 12 26 12
26 12 26 18
26 18 29 18
29 18 29 3
29 3 26 3
26 3 26 9
26 9 3 9
3 9 3 3
3 3 0 3 
J
20
0 14 0 25
0 25 1 25
1 25 1 21
1 21 25 21
25 21 28 18
28 18 28 9
28 9 23 4
23 4 19 4
19 4 19 2
19 2 18 2
18 2 18 9
18 9 19 9
19 9 19 7
19 7 23 7
23 7 27 11
27 11 27 16
27 16 25 18
25 18 1 18
1 18 1 14
1 14 0 14
K
14
0 4 0 7
0 7 12 7
12 7 12 8
12 8 0 20
0 20 0 24
0 24 14 10
14 10 15 10
15 10 29 24
29 24 29 20
29 20 17 8
17 8 17 7
17 7 29 7
29 7 29 4
29 4 0 4
L
6
0 0 0 3
0 3 26 3
26 3 26 25
26 25 29 25
29 25 29 0
29 0 0 0
M
14
0 0 0 7
0 7 10 12
10 12 10 13
10 13 0 18
0 18 0 25
0 25 29 25
29 25 29 22
29 22 3 22
3 21 15 14
15 14 15 11
15 11 3 4
3 3 29 3
29 3 29 0
29 0 0 0
N
10
0 0 0 3
0 3 22 21
22 22 0 22
0 22 0 25
0 25 29 25
29 25 29 22
29 22 7 4
7 3 29 3
29 3 29 0
29 0 0 0
O
16
0 9 0 17
0 17 9 26
9 26 20 26
20 26 29 17
29 17 29 9
29 9 20 0
20 0 9 0
9 0 0 9
3 9 3 17
3 17 9 23
9 23 20 23
20 23 26 17
26 17 26 9
26 9 20 3
20 3 9 3
9 3 3 9
P
10
0 0 0 26
0 26 9 26
9 26 9 5
9 5 29 5
29 5 29 0
29 0 0 0
3 5 3 13
3 13 6 13
6 13 6 5
6 5 3 5
Q
10
0 0 0 26
0 26 29 26
29 26 29 21
29 21 10 21
10 21 10 0
10 0 0 0
3 14 3 21
3 21 7 21
7 21 7 14
7 14 3 14
R
13
0 0 0 23
0 23 11 23
11 23 11 10
11 10 29 23
29 23 29 18
29 18 11 5
11 5 29 5
29 5 29 0
29 0 0 0
3 5 3 18
3 18 8 18
8 18 8 5
8 5 3 5
S
12
0 0 0 26
0 26 4 26
4 26 4 5
4 5 9 5
9 5 9 26
9 26 29 26
29 26 29 0
29 0 25 0
25 0 25 21
25 21 13 21
13 21 13 0
13 0 0 0
T
8
0 0 0 26
0 26 5 26
5 26 5 17
5 17 29 17
29 17 29 9
29 9 5 9
5 9 5 0
5 0 0 0
U
12
0 0 0 5
0 5 23 6
23 6 24 7
24 7 24 18
24 18 23 19
23 19 0 20
0 20 0 25
0 25 23 25
23 25 29 19
29 19 29 6
29 6 23 0
23 0 0 0
V
7
0 0 0 5
0 5 22 12
22 12 0 20
0 20 0 25
0 25 29 13
29 13 29 10
29 10 0 0
W
16
0 0 0 5
0 5 22 6
22 6 22 7
22 7 19 12
19 12 19 13
19 13 22 18
22 18 22 19
22 19 0 20
0 20 0 25
0 25 29 20
29 20 29 16
29 16 24 13
24 13 24 12
24 12 29 9
29 9 29 5
29 5 0 0
X
16
0 0 0 5
0 5 9 12
9 12 9 13
9 13 0 20
0 20 0 25
0 25 14 15
14 15 15 15
15 15 29 25
29 25 29 20
29 20 20 13
20 13 20 12
20 12 29 5
29 5 29 0
29 0 15 10
15 10 14 10
14 10 0 0
Y
10
0 0 0 5
0 5 8 12
8 12 8 13
8 13 0 20
0 20 0 25
0 25 13 15
13 15 29 15
29 15 29 10
29 10 13 10
13 10 0 0
Z
10
0 0 0 25
0 25 5 25
5 25 24 5
24 5 24 25
24 25 29 25
29 25 29 0
29 0 24 0
24 0 5 20
5 20 5 0
5 0 0 0
