3
25 355
38 397
37 414
6
30 354
41 393
53 398
135 374
196 369
172 355
6
50 414
58 408
122 386
135 384
147 395
146 414
3
145 384
154 384
151 391
7
151 414
155 393
165 382
200 382
247 390
385 407
285 414
4
289 414
389 409
292 405
356 405
3
293 355
291 395
356 397
6
189 355
189 365
195 372
240 380
285 395
289 355
8
156 414
159 406
166 400
167 382
194 382
195 298
201 407
204 414
4
75 415
71 406
100 396
103 405
5
221 415
219 412
229 394
248 404
243 415
5
61 395
57 385
95 371
141 362
141 355
2
144 355
144 372
4
210 374
211 364
216 364
215 354
4
217 355
217 364
255 372
287 384
4
246 334
288 334
288 297
307 297
3
246 377
288 377
288 350
3
292 351
292 300
305 300
2
234 254
306 254
2
234 257
306 257
6
307 234
315 234
311 239
311 297
307 300
307 233
4
268 196
302 196
302 199
268 199
4
297 199
302 199
303 225
297 225
4
268 225
303 225
303 228
268 228
4
128 233
173 233
176 235
176 308
4
176 290
147 290
176 288
147 288
2
56 308
58 308 
2
56 229
58 230 
2
21 223
21 229
2
21 308
24 308
2
29 249
32 249
2
29 233
32 233
21
101 74
106 74
105 26
176 26
176 19
102 19
102 17
166 17
166 14
168 14
170 17
181 14
196 14
182 19
182 28
263 30
263 34
130 30
130 43
109 43
110 82
2
22 48
22 91 
2
22 48
97 48
2
48 13
21 47
2
49 13
99 15
2
77 14
77 25
2
95 15
95 25
2
47 25
24 47
2
49 32
49 36
2
49 26
81 26
4
267 12
267 46
267 55
267 82
4
263 12
263 29
263 32
263 81
4
267 46
348 52
343 52
342 61
4
267 82
267 55
267 52
342 61
2
263 82
263 32
4
327 139
267 133
267 129
327 135
4
267 108
267 113
329 114
329 117
-999